kinematics:
  shoulder:
    x: 0
    y: 0
    z: 0.15199855296273224
    roll: -0
    pitch: 0
    yaw: -1.0126263240255173e-07
  upper_arm:
    x: -0.00012221136768863033
    y: 0
    z: 0
    roll: 1.5703299390185912
    pitch: 0
    yaw: -1.3866688769237356e-05
  forearm:
    x: -0.24410811802718752
    y: 0
    z: 0
    roll: 0.0062758565679782927
    pitch: 0.0014384261637405548
    yaw: -5.6863602152941895e-06
  wrist_1:
    x: -0.21345805004779975
    y: -0.00026208437960392213
    z: 0.13143765987669312
    roll: 0.0019939797505862996
    pitch: 0.0006471246014478658
    yaw: -2.3905623317269985e-06
  wrist_2:
    x: 0.00014910704483883359
    y: -0.085534676008865301
    z: -0.0001223852888433766
    roll: 1.5722271524089719
    pitch: 0
    yaw: 1.7530698244949683e-05
  wrist_3:
    x: -0.0002088951944780896
    y: 0.092655258643961375
    z: -0.00017929337619120137
    roll: 1.5688612703822273
    pitch: 3.1415926535897931
    yaw: 3.1415923942531139
  hash: calib_9781467669625414396